110101198301221055
110103198602170012
110107199407293412
110111199107098417
120107197710081810
120112198411022517
130106198209162713
13030219910521331X
130421199311085712
130426199503063237
130426199504012917
130432198612291311
130502198307142114
13053519891005049X
130602198611132717
140202198903052014
140622199301092619
14070219950124703X
141002199605190050
142429199503112134
142601199407091016
142603198311103033
142603199512183011
15010219741102211X
150105198701227811
150203199807274234
150221199407110313
15210119830605091X
152101199401242113
15210119970806063X
152103198512291215
152326199508030012
152601199602132110
210103198012300917
210106198111175217
210106199703140610
21011219920331081X
210114198909070318
210122199405131230
210281198707240556
210502199408081212
210603199012273017
210623199503294491
210624199410220019
21070219890304081X
210702199007150839
21080319940319101X
210811199708120511
211005199712091119
220102198307093316
220102198708120434
220104198010075216
220106199802109012
22018119950501691X
220202199306142411
220203199603290011
220621197803111810
220621199101241812
220724199504182233
220802198908192414
230103198202107636
230103198305122855
230103198411124811
230104199708073112
230105199402131339
230106198303251214
230108198207171030
230124198110100738
230125199404180017
230202198106011238
230202199408091231
230203199506091813
230205199403010817
230231198812281018
230321199812230015
230422198201272619
230704198411160010
230803199501070637
230805199006220418
230828198412270939
230903199309210818
231003198811152614
231004199407272412
231081199401150011
231083198103286111
23108419970110311X
232103199401296851
232302199001280011
232321199705302011
232700199704272017
32010319800206205X
32010719821010263X
320121198204082158
320304199601160411
320321198809191411
320322198811024432
320322199208094078
320322199611295910
320323199309101210
320323199603163017
320381198903105299
320382198812078615
320525197509143516
320721199608184414
320924198611040011
320925199002046734
320928199204303419
321081199009150035
321084197803138017
330382199211107915
331081199611142419
340123199407268412
340503199611100613
340621199503074014
340703199609094016
341125198802283814
342221199803125557
34240119961030321X
350103199608082717
350128199312304912
350203199501112010
350321199311152677
350402199210110036
350424199010290034
350426199507166031
350427199201108011
350430199309301516
350524199503247750
350583199308240078
350583199411191817
35058319951008921X
350702199309101814
350721199502150537
350802199701210519
350821198908290039
352229199402060011
360103199607275439
360124198607230019
360425199012163715
360430199412071714
360502199610211319
362334199402090710
370102196409064114
370102197006161715
370102197406180317
370102197809130015
370102197902200030
370102198009232931
370102198101252919
370102198404022512
370102198411063734
37010219860617491X
370102198705160038
370102198707043732
370102198712191115
370102198912182918
370102199102013738
370102199202162116
370102199207250035
370102199301202910
370102199409161313
370102199503201334
37010219950525291X
370102199509232537
370102199601304118
37010219960810061X
370102199808102118
370103197210057014
370103197403066478
370103197702260019
370103198102248010
370103198301318034
370103198509108810
370103198602127514
370103198609014010
370103198702210518
370103198702275039
370103198710187514
370103198711208559
370103198808246711
370103198810135535
370103198901060516
370103198901151012
370103198912062517
370103199003197013
370103199011230012
370103199203176735
370103199206085038
370103199211075010
370103199302015013
370103199308312537
370103199601111013
370103199608203017
370103199609172056
370104198303052619
370104198406172218
370104198410172915
370104198602081911
370104198604061017
370104198707262217
370104198712111317
370104198803252254
370104198805011315
370104198901232214
37010419890205451X
370104198903010359
370104198903072218
370104199509243319
370104199601010710
370104199602101016
37010519780705031X
370105198304122136
370105198404274719
370105198601034116
370105198801305013
370105198803103319
370105198810281412
370105198903092151
370105198907060018
370105198912013339
370105199002192918
370105199011013715
370105199301290315
370105199304082917
370105199305283315
370105199401214133
370105199410065010
370105199412191117
370105199504222152
370105199601025011
370105199609042510
370105199702280812
37011219860413743X
370112198704188031
370112198710307412
370112198907127714
370112199202142011
370112199301157438
370112199303087736
370112199409301059
37011219950218773X
370112199506267438
370112199508044553
370112199508317718
370112199602278014
370112199604078016
370112199604100017
370112199608158013
370112199608301510
37012319870713111X
370123199107180019
37012319941102001X
37012319950328571X
370123199708153817
37012519900212593X
370125199011132314
370126199505050454
37018119851030341X
370181198710020051
370181198808314410
370181199010234459
370181199410240719
370181199504030034
370181199504030034
37018119960330001X
37018119961118483X
370181199612304434
370181199708071110
370202197903124936
370202198512083916
370202199002012215
370202199402150414
370202199501271414
37020319841127551X
370203198710297014
370203198802015918
370203198908137016
370203198911094512
370203199312280916
370203199407285912
37020519891228701X
370205199006263010
370205199009253010
370205199102236514
370205199107293016
37020519940812403X
370205199409248018
370205199508162017
370212199308082032
370212199309231538
370212199404291379
37021219950806121X
370213198303282811
37021319880828525X
370213199609254017
370214199410244571
370214199511045037
370214199706084538
370281198309250518
37028119960113181X
370282198012111118
370282199512266014
370282199601012016
37028219960608203X
370282199610095132
370283198106012619
370283198811220616
370283199307051213
370283199710274134
370284199110161212
370285199010242919
370285199011240018
370285199603297114
370302198509241130
37030219910417005X
370302199204251113
370302199306168310
370302199401303314
370302199410258316
370303198509147634
370303198703017411
370303198710036338
370303198808161719
370303199010262814
370303199105257639
370303199306201033
370303199403167615
370303199510236313
370303199701182514
37030419860413001X
370304198805301030
370304198812050313
370304199003231936
370304199610250610
370304199701250018
370305199111074313
370305199203170011
370305199311116530
370305199406260017
370305199412065912
370305199504126516
370305199504142815
370305199505074316
370305199609041818
370305199609124015
370305199712096518
370306199101264312
370306199503150510
370321199109133935
370321199301262737
370321199305022116
370321199501061833
370321199801251858
370322199207101319
370322199412031911
370322199505216712
370322199505226718
370322199701126714
370323199502131015
370402198603277733
37040219910317779X
370402199107088356
37040219931228433X
370402199505014811
370402199703084351
370403199510200252
370403199601124515
370403199709040719
370405199109010236
370405199511171839
370406199211105051
370406199306046015
370406199404300013
370406199507210010
370481199001127017
370481199212100615
370481199212244256
370502198207073232
370502198704236055
370502199111120019
370522197504071218
370523198111164211
370602198012242919
370602198207160710
370602198606201030
370602198906043214
370602199211070712
370602199406261818
370602199603284912
370602199611111317
370611199009200014
370611199409244032
370612199011172215
370612199601212010
370613198702020554
370613199011052519
370633197204224918
370681198903242213
370681199410145612
370681199411220012
370681199607212217
37068119960903141X
370681199705271018
370682198908238615
37068219940719441X
370682199510106713
370682199604270418
370683198808020033
370683199406160919
370683199409182232
370683199410059215
37068319960327291X
370684198904100531
370684199211068115
370684199605225638
370684199607150019
370685198612270076
370685199512284432
370686199102072513
370686199110123712
37068619920529651X
370686199510240416
37068619961118701X
370687199203272078
370702199310052232
370702199707214818
37070219980423321X
370703199605111830
370703199612302619
37070419890723001X
370704199408021218
370704199409061430
370704199601120015
370704199708050010
370705199004012530
370705199411253518
370721197702171011
370722197802255315
370724198610034339
370724198712256151
370724198806091853
370724198903242158
370724199503207657
370781199406193115
370781199503130538
370781199510153631
370782198910093676
37078219960805761X
37078219970914427X
370783199206172515
370783199409291098
370783199502023119
37078419880422505X
370785199001098115
370785199511203077
37078619721025365X
370786199208013912
370786199701016615
370802198904151810
370802198906202116
370802199309052716
370802199508232410
370802199703083318
370811197604052839
370811197604146018
37081119941204653X
370826198807104677
370826199311014058
370826199410090515
370826199508225131
370827199502032511
370828198205124032
370828198304142316
370828198707241319
37082819910604703X
370828199510110010
370828199704134037
370828199706050312
370829198311164915
370829199209022579
370829199509074610
37082919970327101X
370830197404293936
370830197502081750
370830197612310817
370830198911030035
370830199203122953
37083019930204177X
370830199508280012
370830199606194716
370831198405240714
370831198802175418
370831199109086219
370881198206161136
370881198703134016
370881198706160359
37088119880309113X
370881198811051138
370881199602060315
370881199604274018
370882198205081210
370882198802191637
37088219880913327X
37088219881112329X
370882198903151212
370882198909142018
370882198912281211
370882199008050030
370882199407010052
370882199503253214
370882199601304214
37088319861219071X
370883198811280734
370883199101174253
370883199104197610
370883199610295512
370902198811222419
370902199110141514
370902199506150919
370902199507184811
370902199703162417
370902199804210916
370902199806183317
370911199602155636
370911199712143636
370911199802110010
370921198612050019
370921199411181818
370921199512060011
370921199605210613
370921199709280915
370923199111060312
370923199111060355
370923199605282513
37092319970514031X
370923199707301519
370982199405254972
37098219950112131X
370982199507142277
370982199512082475
370982199601193871
370982199704075878
370982199811092016
370983197502281312
370983198602060036
370983199009126115
370983199011101814
370983199411241816
370983199607260517
37098319961028531X
370983199707011358
370983199907071814
37108119790517481X
371081198904018211
371081198909265019
371081199509113010
371082198201230036
371082199003185611
37108319830410651X
371102199011140310
371102199101202212
371102199105092217
371102199112023818
371102199304277812
371102199407242516
371102199411282270
371102199507182514
371102199510245096
371102199601073517
371102199610123213
371102199610162239
371102199705100057
371121199410260239
371121199612081714
371122198710211211
371122199001281510
371122199110032230
371122199507261832
371122199603083116
371202198811192638
371202199303204318
371202199809294015
371203199607060313
37120319960706033X
371302198112050839
37130219870108181X
371302198812103196
37130219910321041X
371302199301281411
371302199407150815
371321199612117212
371321199803068513
37132319911112891X
371323199209025214
371323199703100013
371324198202040034
371324199311176613
371325198008180013
371325198905227512
371325199301183437
37132519930922271X
371325199608171211
371325199811080032
371327198312191211
371327198912020053
371327199611163055
37132719970312511X
371328199008140031
371402199103190637
371402199608087918
371421199706096577
371421199706265975
371421199711100016
371422199710121911
371423199304100070
371423199612080016
371424199311063614
371424199407034519
371424199605012417
37142519851008863X
371426199203202413
371426199610057233
371426199702197217
371427199204061313
371427199508105215
371428199011200619
371428199503163017
371481198710140077
371481199212010039
371502199709092439
371502199710064814
371521199403170018
371521199605225515
371521199608027530
371522198411030017
371523198411050057
37152319930427595X
371523199603301257
371523199701203415
371523199711295958
371524199108285815
371581198905164111
371581199006131759
371581199212135718
371581199612094118
371581199709280013
372301198804060012
372301198809203836
372301199301080710
372301199311135412
372301199406152936
372301199705030015
372301199708190030
372321199104154915
372321199109228530
37232119911008401X
372321199111262690
372321199404170271
37232119941213027X
372321199510167631
372321199601109410
372321199701070250
372321199701270279
372323199011280333
37232419910105001X
37232419920306157X
372324199206270318
372324199212074110
372324199405271516
372324199802076474
372325198911194818
372328198410240053
372328199002281213
37232819920626241X
372328199306280316
372328199307100057
372328199311121539
372328199501282413
372328199502020052
372328199508102411
372330198908060051
37233019900623247X
372330199008307252
372330199009101096
372330199211073017
372330199309195450
372330199312281050
372330199409046153
372330199508110018
372330199510120071
37233019951206005X
372330199512200032
372330199606257259
372330199608121056
372330199704041072
372501198207012478
372526198304040734
37282619730912121X
372901198909149374
372923198611032059
372924199611234233
372925199007151913
372925199602116311
372926198701045717
372926199806052213
372928198606014616
372929198911275114
372929199009090056
372929199211024810
372930198910270018
372930199804111472
410104199008280050
410181198206224517
41021119950918201X
410306199702210531
410522198910290018
410811199804190090
410928199505180610
410928199512282113
411328199504077775
411424198507243711
412727198011250455
420106198801167811
420111199606127617
420502199603180637
420983198506269037
421126199403040015
422202199708301816
430102199601063015
430281199609021312
430321197806303570
433123199608042713
440111198711154835
452201199410171210
452501199408227293
500105199709230011
500105199802255416
500106199508076413
500107199412186112
500224199505255158
500225199502155238
500231199305084917
500236199403096673
500240199404270017
500381199509096716
500382199407248690
510129199011174911
510682199401040037
511302199510103730
511528199507142418
511528199707301030
513001198908030070
51303019960802621X
522601198608130030
522723199705300212
610111197808312833
610121197203170011
610324198506084270
610402199601270794
62010219950304211X
620102199603094312
620104199412230310
620403199708190514
620502199310130457
622101199506030718
622101199508280315
622301199812187036
622701199407164510
65010219930705651X
652302199708243810
652701199607073416
652723199712220738
654123199609085370
659001199706095213
659001199807073435
659001199810170615

